2022/01/26-17:30:26.872736 7fcf2ffabcc0 RocksDB version: 6.17.3
2022/01/26-17:30:26.872762 7fcf2ffabcc0 Git sha rocksdb_build_git_sha:@09c7e96eac1ab983f97ce9e0406730b8014b3398@
2022/01/26-17:30:26.872763 7fcf2ffabcc0 Compile date Oct 20 2021
2022/01/26-17:30:26.872786 7fcf2ffabcc0 DB SUMMARY
2022/01/26-17:30:26.872787 7fcf2ffabcc0 DB Session ID:  HI2ZNKRU2I2WDTNJT9D4
2022/01/26-17:30:26.872818 7fcf2ffabcc0 CURRENT file:  CURRENT
2022/01/26-17:30:26.872819 7fcf2ffabcc0 IDENTITY file:  IDENTITY
2022/01/26-17:30:26.872820 7fcf2ffabcc0 MANIFEST file:  MANIFEST-000084 size: 6402 Bytes
2022/01/26-17:30:26.872821 7fcf2ffabcc0 SST files in test-ledger/rocksdb dir, Total Num: 14, files: 000083.sst 000122.sst 000125.sst 000127.sst 000130.sst 000138.sst 000146.sst 000149.sst 000152.sst 
2022/01/26-17:30:26.872822 7fcf2ffabcc0 Write Ahead Log file in test-ledger/rocksdb: 000120.log size: 1818 ; 000123.log size: 1926 ; 000128.log size: 49049 ; 000131.log size: 1046 ; 000134.log size: 1058 ; 000139.log size: 1070 ; 000144.log size: 1082 ; 000147.log size: 1094 ; 000150.log size: 1106 ; 000153.log size: 1118 ; 000157.log size: 42984714 ; 
2022/01/26-17:30:26.872823 7fcf2ffabcc0                         Options.error_if_exists: 0
2022/01/26-17:30:26.872823 7fcf2ffabcc0                       Options.create_if_missing: 1
2022/01/26-17:30:26.872824 7fcf2ffabcc0                         Options.paranoid_checks: 1
2022/01/26-17:30:26.872824 7fcf2ffabcc0                               Options.track_and_verify_wals_in_manifest: 0
2022/01/26-17:30:26.872825 7fcf2ffabcc0                                     Options.env: 0x55f178b15720
2022/01/26-17:30:26.872825 7fcf2ffabcc0                                      Options.fs: Posix File System
2022/01/26-17:30:26.872826 7fcf2ffabcc0                                Options.info_log: 0x55f17a999640
2022/01/26-17:30:26.872826 7fcf2ffabcc0                Options.max_file_opening_threads: 16
2022/01/26-17:30:26.872827 7fcf2ffabcc0                              Options.statistics: (nil)
2022/01/26-17:30:26.872827 7fcf2ffabcc0                               Options.use_fsync: 0
2022/01/26-17:30:26.872828 7fcf2ffabcc0                       Options.max_log_file_size: 0
2022/01/26-17:30:26.872828 7fcf2ffabcc0                  Options.max_manifest_file_size: 1073741824
2022/01/26-17:30:26.872829 7fcf2ffabcc0                   Options.log_file_time_to_roll: 0
2022/01/26-17:30:26.872829 7fcf2ffabcc0                       Options.keep_log_file_num: 1000
2022/01/26-17:30:26.872830 7fcf2ffabcc0                    Options.recycle_log_file_num: 0
2022/01/26-17:30:26.872830 7fcf2ffabcc0                         Options.allow_fallocate: 1
2022/01/26-17:30:26.872830 7fcf2ffabcc0                        Options.allow_mmap_reads: 0
2022/01/26-17:30:26.872831 7fcf2ffabcc0                       Options.allow_mmap_writes: 0
2022/01/26-17:30:26.872831 7fcf2ffabcc0                        Options.use_direct_reads: 0
2022/01/26-17:30:26.872832 7fcf2ffabcc0                        Options.use_direct_io_for_flush_and_compaction: 0
2022/01/26-17:30:26.872832 7fcf2ffabcc0          Options.create_missing_column_families: 1
2022/01/26-17:30:26.872832 7fcf2ffabcc0                              Options.db_log_dir: 
2022/01/26-17:30:26.872833 7fcf2ffabcc0                                 Options.wal_dir: test-ledger/rocksdb
2022/01/26-17:30:26.872833 7fcf2ffabcc0                Options.table_cache_numshardbits: 6
2022/01/26-17:30:26.872834 7fcf2ffabcc0                         Options.WAL_ttl_seconds: 0
2022/01/26-17:30:26.872834 7fcf2ffabcc0                       Options.WAL_size_limit_MB: 0
2022/01/26-17:30:26.872835 7fcf2ffabcc0                        Options.max_write_batch_group_size_bytes: 1048576
2022/01/26-17:30:26.872835 7fcf2ffabcc0             Options.manifest_preallocation_size: 4194304
2022/01/26-17:30:26.872836 7fcf2ffabcc0                     Options.is_fd_close_on_exec: 1
2022/01/26-17:30:26.872836 7fcf2ffabcc0                   Options.advise_random_on_open: 1
2022/01/26-17:30:26.872836 7fcf2ffabcc0                    Options.db_write_buffer_size: 0
2022/01/26-17:30:26.872837 7fcf2ffabcc0                    Options.write_buffer_manager: 0x55f17aa242c0
2022/01/26-17:30:26.872843 7fcf2ffabcc0         Options.access_hint_on_compaction_start: 1
2022/01/26-17:30:26.872843 7fcf2ffabcc0  Options.new_table_reader_for_compaction_inputs: 0
2022/01/26-17:30:26.872844 7fcf2ffabcc0           Options.random_access_max_buffer_size: 1048576
2022/01/26-17:30:26.872844 7fcf2ffabcc0                      Options.use_adaptive_mutex: 0
2022/01/26-17:30:26.872845 7fcf2ffabcc0                            Options.rate_limiter: (nil)
2022/01/26-17:30:26.872845 7fcf2ffabcc0     Options.sst_file_manager.rate_bytes_per_sec: 0
2022/01/26-17:30:26.872846 7fcf2ffabcc0                       Options.wal_recovery_mode: 2
2022/01/26-17:30:26.872846 7fcf2ffabcc0                  Options.enable_thread_tracking: 0
2022/01/26-17:30:26.872847 7fcf2ffabcc0                  Options.enable_pipelined_write: 0
2022/01/26-17:30:26.872847 7fcf2ffabcc0                  Options.unordered_write: 0
2022/01/26-17:30:26.872848 7fcf2ffabcc0         Options.allow_concurrent_memtable_write: 1
2022/01/26-17:30:26.872848 7fcf2ffabcc0      Options.enable_write_thread_adaptive_yield: 1
2022/01/26-17:30:26.872848 7fcf2ffabcc0             Options.write_thread_max_yield_usec: 100
2022/01/26-17:30:26.872849 7fcf2ffabcc0            Options.write_thread_slow_yield_usec: 3
2022/01/26-17:30:26.872849 7fcf2ffabcc0                               Options.row_cache: None
2022/01/26-17:30:26.872850 7fcf2ffabcc0                              Options.wal_filter: None
2022/01/26-17:30:26.872850 7fcf2ffabcc0             Options.avoid_flush_during_recovery: 0
2022/01/26-17:30:26.872850 7fcf2ffabcc0             Options.allow_ingest_behind: 0
2022/01/26-17:30:26.872851 7fcf2ffabcc0             Options.preserve_deletes: 0
2022/01/26-17:30:26.872851 7fcf2ffabcc0             Options.two_write_queues: 0
2022/01/26-17:30:26.872852 7fcf2ffabcc0             Options.manual_wal_flush: 0
2022/01/26-17:30:26.872852 7fcf2ffabcc0             Options.atomic_flush: 0
2022/01/26-17:30:26.872852 7fcf2ffabcc0             Options.avoid_unnecessary_blocking_io: 0
2022/01/26-17:30:26.872853 7fcf2ffabcc0                 Options.persist_stats_to_disk: 0
2022/01/26-17:30:26.872853 7fcf2ffabcc0                 Options.write_dbid_to_manifest: 0
2022/01/26-17:30:26.872854 7fcf2ffabcc0                 Options.log_readahead_size: 0
2022/01/26-17:30:26.872854 7fcf2ffabcc0                 Options.file_checksum_gen_factory: Unknown
2022/01/26-17:30:26.872855 7fcf2ffabcc0                 Options.best_efforts_recovery: 0
2022/01/26-17:30:26.872855 7fcf2ffabcc0                Options.max_bgerror_resume_count: 2147483647
2022/01/26-17:30:26.872856 7fcf2ffabcc0            Options.bgerror_resume_retry_interval: 1000000
2022/01/26-17:30:26.872856 7fcf2ffabcc0             Options.allow_data_in_errors: 0
2022/01/26-17:30:26.872856 7fcf2ffabcc0             Options.db_host_id: __hostname__
2022/01/26-17:30:26.872857 7fcf2ffabcc0             Options.max_background_jobs: 8
2022/01/26-17:30:26.872857 7fcf2ffabcc0             Options.max_background_compactions: -1
2022/01/26-17:30:26.872858 7fcf2ffabcc0             Options.max_subcompactions: 1
2022/01/26-17:30:26.872858 7fcf2ffabcc0             Options.avoid_flush_during_shutdown: 0
2022/01/26-17:30:26.872859 7fcf2ffabcc0           Options.writable_file_max_buffer_size: 1048576
2022/01/26-17:30:26.872859 7fcf2ffabcc0             Options.delayed_write_rate : 16777216
2022/01/26-17:30:26.872859 7fcf2ffabcc0             Options.max_total_wal_size: 4294967296
2022/01/26-17:30:26.872860 7fcf2ffabcc0             Options.delete_obsolete_files_period_micros: 21600000000
2022/01/26-17:30:26.872860 7fcf2ffabcc0                   Options.stats_dump_period_sec: 600
2022/01/26-17:30:26.872861 7fcf2ffabcc0                 Options.stats_persist_period_sec: 600
2022/01/26-17:30:26.872861 7fcf2ffabcc0                 Options.stats_history_buffer_size: 1048576
2022/01/26-17:30:26.872862 7fcf2ffabcc0                          Options.max_open_files: -1
2022/01/26-17:30:26.872862 7fcf2ffabcc0                          Options.bytes_per_sync: 0
2022/01/26-17:30:26.872866 7fcf2ffabcc0                      Options.wal_bytes_per_sync: 0
2022/01/26-17:30:26.872866 7fcf2ffabcc0                   Options.strict_bytes_per_sync: 0
2022/01/26-17:30:26.872867 7fcf2ffabcc0       Options.compaction_readahead_size: 0
2022/01/26-17:30:26.872867 7fcf2ffabcc0                  Options.max_background_flushes: -1
2022/01/26-17:30:26.872868 7fcf2ffabcc0 Compression algorithms supported:
2022/01/26-17:30:26.872868 7fcf2ffabcc0 	kZSTDNotFinalCompression supported: 0
2022/01/26-17:30:26.872869 7fcf2ffabcc0 	kZSTD supported: 0
2022/01/26-17:30:26.872869 7fcf2ffabcc0 	kXpressCompression supported: 0
2022/01/26-17:30:26.872870 7fcf2ffabcc0 	kLZ4HCCompression supported: 1
2022/01/26-17:30:26.872870 7fcf2ffabcc0 	kLZ4Compression supported: 1
2022/01/26-17:30:26.872871 7fcf2ffabcc0 	kBZip2Compression supported: 0
2022/01/26-17:30:26.872871 7fcf2ffabcc0 	kZlibCompression supported: 0
2022/01/26-17:30:26.872872 7fcf2ffabcc0 	kSnappyCompression supported: 0
2022/01/26-17:30:26.872872 7fcf2ffabcc0 Fast CRC32 supported: Supported on x86
2022/01/26-17:30:26.872898 7fcf2ffabcc0 [db/version_set.cc:4757] Recovering from manifest file: test-ledger/rocksdb/MANIFEST-000084
2022/01/26-17:30:26.872971 7fcf2ffabcc0 [db/column_family.cc:597] --------------- Options for column family [default]:
2022/01/26-17:30:26.872973 7fcf2ffabcc0               Options.comparator: leveldb.BytewiseComparator
2022/01/26-17:30:26.872973 7fcf2ffabcc0           Options.merge_operator: None
2022/01/26-17:30:26.872974 7fcf2ffabcc0        Options.compaction_filter: None
2022/01/26-17:30:26.872974 7fcf2ffabcc0        Options.compaction_filter_factory: None
2022/01/26-17:30:26.872975 7fcf2ffabcc0  Options.sst_partitioner_factory: None
2022/01/26-17:30:26.872975 7fcf2ffabcc0         Options.memtable_factory: SkipListFactory
2022/01/26-17:30:26.872976 7fcf2ffabcc0            Options.table_factory: BlockBasedTable
2022/01/26-17:30:26.872992 7fcf2ffabcc0            table_factory options:   flush_block_policy_factory: FlushBlockBySizePolicyFactory (0x55f17aa1f000)
  cache_index_and_filter_blocks: 0
  cache_index_and_filter_blocks_with_high_priority: 1
  pin_l0_filter_and_index_blocks_in_cache: 0
  pin_top_level_index_and_filter: 1
  index_type: 0
  data_block_index_type: 0
  index_shortening: 1
  data_block_hash_table_util_ratio: 0.750000
  hash_index_allow_collision: 1
  checksum: 1
  no_block_cache: 0
  block_cache: 0x55f17aa1f050
  block_cache_name: LRUCache
  block_cache_options:
    capacity : 8388608
    num_shard_bits : 4
    strict_capacity_limit : 0
    memory_allocator : None
    high_pri_pool_ratio: 0.000
  block_cache_compressed: (nil)
  persistent_cache: (nil)
  block_size: 4096
  block_size_deviation: 10
  block_restart_interval: 16
  index_block_restart_interval: 1
  metadata_block_size: 4096
  partition_filters: 0
  use_delta_encoding: 1
  filter_policy: nullptr
  whole_key_filtering: 1
  verify_compression: 0
  read_amp_bytes_per_bit: 0
  format_version: 4
  enable_index_compression: 1
  block_align: 0
2022/01/26-17:30:26.872994 7fcf2ffabcc0        Options.write_buffer_size: 67108864
2022/01/26-17:30:26.872994 7fcf2ffabcc0  Options.max_write_buffer_number: 2
2022/01/26-17:30:26.872995 7fcf2ffabcc0          Options.compression: NoCompression
2022/01/26-17:30:26.872995 7fcf2ffabcc0                  Options.bottommost_compression: Disabled
2022/01/26-17:30:26.872996 7fcf2ffabcc0       Options.prefix_extractor: nullptr
2022/01/26-17:30:26.872996 7fcf2ffabcc0   Options.memtable_insert_with_hint_prefix_extractor: nullptr
2022/01/26-17:30:26.872996 7fcf2ffabcc0             Options.num_levels: 7
2022/01/26-17:30:26.872997 7fcf2ffabcc0        Options.min_write_buffer_number_to_merge: 1
2022/01/26-17:30:26.872997 7fcf2ffabcc0     Options.max_write_buffer_number_to_maintain: 0
2022/01/26-17:30:26.872998 7fcf2ffabcc0     Options.max_write_buffer_size_to_maintain: 0
2022/01/26-17:30:26.872998 7fcf2ffabcc0            Options.bottommost_compression_opts.window_bits: -14
2022/01/26-17:30:26.872999 7fcf2ffabcc0                  Options.bottommost_compression_opts.level: 32767
2022/01/26-17:30:26.873004 7fcf2ffabcc0               Options.bottommost_compression_opts.strategy: 0
2022/01/26-17:30:26.873005 7fcf2ffabcc0         Options.bottommost_compression_opts.max_dict_bytes: 0
2022/01/26-17:30:26.873005 7fcf2ffabcc0         Options.bottommost_compression_opts.zstd_max_train_bytes: 0
2022/01/26-17:30:26.873006 7fcf2ffabcc0         Options.bottommost_compression_opts.parallel_threads: 1
2022/01/26-17:30:26.873006 7fcf2ffabcc0                  Options.bottommost_compression_opts.enabled: false
2022/01/26-17:30:26.873007 7fcf2ffabcc0            Options.compression_opts.window_bits: -14
2022/01/26-17:30:26.873007 7fcf2ffabcc0                  Options.compression_opts.level: 32767
2022/01/26-17:30:26.873008 7fcf2ffabcc0               Options.compression_opts.strategy: 0
2022/01/26-17:30:26.873008 7fcf2ffabcc0         Options.compression_opts.max_dict_bytes: 0
2022/01/26-17:30:26.873009 7fcf2ffabcc0         Options.compression_opts.zstd_max_train_bytes: 0
2022/01/26-17:30:26.873009 7fcf2ffabcc0         Options.compression_opts.parallel_threads: 1
2022/01/26-17:30:26.873009 7fcf2ffabcc0                  Options.compression_opts.enabled: false
2022/01/26-17:30:26.873010 7fcf2ffabcc0      Options.level0_file_num_compaction_trigger: 4
2022/01/26-17:30:26.873010 7fcf2ffabcc0          Options.level0_slowdown_writes_trigger: 20
2022/01/26-17:30:26.873011 7fcf2ffabcc0              Options.level0_stop_writes_trigger: 36
2022/01/26-17:30:26.873011 7fcf2ffabcc0                   Options.target_file_size_base: 67108864
2022/01/26-17:30:26.873012 7fcf2ffabcc0             Options.target_file_size_multiplier: 1
2022/01/26-17:30:26.873012 7fcf2ffabcc0                Options.max_bytes_for_level_base: 268435456
2022/01/26-17:30:26.873012 7fcf2ffabcc0 Options.level_compaction_dynamic_level_bytes: 0
2022/01/26-17:30:26.873013 7fcf2ffabcc0          Options.max_bytes_for_level_multiplier: 10.000000
2022/01/26-17:30:26.873014 7fcf2ffabcc0 Options.max_bytes_for_level_multiplier_addtl[0]: 1
2022/01/26-17:30:26.873015 7fcf2ffabcc0 Options.max_bytes_for_level_multiplier_addtl[1]: 1
2022/01/26-17:30:26.873015 7fcf2ffabcc0 Options.max_bytes_for_level_multiplier_addtl[2]: 1
2022/01/26-17:30:26.873015 7fcf2ffabcc0 Options.max_bytes_for_level_multiplier_addtl[3]: 1
2022/01/26-17:30:26.873016 7fcf2ffabcc0 Options.max_bytes_for_level_multiplier_addtl[4]: 1
2022/01/26-17:30:26.873016 7fcf2ffabcc0 Options.max_bytes_for_level_multiplier_addtl[5]: 1
2022/01/26-17:30:26.873017 7fcf2ffabcc0 Options.max_bytes_for_level_multiplier_addtl[6]: 1
2022/01/26-17:30:26.873017 7fcf2ffabcc0       Options.max_sequential_skip_in_iterations: 8
2022/01/26-17:30:26.873017 7fcf2ffabcc0                    Options.max_compaction_bytes: 1677721600
2022/01/26-17:30:26.873018 7fcf2ffabcc0                        Options.arena_block_size: 8388608
2022/01/26-17:30:26.873018 7fcf2ffabcc0   Options.soft_pending_compaction_bytes_limit: 68719476736
2022/01/26-17:30:26.873019 7fcf2ffabcc0   Options.hard_pending_compaction_bytes_limit: 274877906944
2022/01/26-17:30:26.873019 7fcf2ffabcc0       Options.rate_limit_delay_max_milliseconds: 100
2022/01/26-17:30:26.873020 7fcf2ffabcc0                Options.disable_auto_compactions: 0
2022/01/26-17:30:26.873021 7fcf2ffabcc0                        Options.compaction_style: kCompactionStyleLevel
2022/01/26-17:30:26.873021 7fcf2ffabcc0                          Options.compaction_pri: kMinOverlappingRatio
2022/01/26-17:30:26.873022 7fcf2ffabcc0 Options.compaction_options_universal.size_ratio: 1
2022/01/26-17:30:26.873022 7fcf2ffabcc0 Options.compaction_options_universal.min_merge_width: 2
2022/01/26-17:30:26.873022 7fcf2ffabcc0 Options.compaction_options_universal.max_merge_width: 4294967295
2022/01/26-17:30:26.873023 7fcf2ffabcc0 Options.compaction_options_universal.max_size_amplification_percent: 200
2022/01/26-17:30:26.873023 7fcf2ffabcc0 Options.compaction_options_universal.compression_size_percent: -1
2022/01/26-17:30:26.873024 7fcf2ffabcc0 Options.compaction_options_universal.stop_style: kCompactionStopStyleTotalSize
2022/01/26-17:30:26.873027 7fcf2ffabcc0 Options.compaction_options_fifo.max_table_files_size: 1073741824
2022/01/26-17:30:26.873028 7fcf2ffabcc0 Options.compaction_options_fifo.allow_compaction: 0
2022/01/26-17:30:26.873031 7fcf2ffabcc0                   Options.table_properties_collectors: 
2022/01/26-17:30:26.873031 7fcf2ffabcc0                   Options.inplace_update_support: 0
2022/01/26-17:30:26.873032 7fcf2ffabcc0                 Options.inplace_update_num_locks: 10000
2022/01/26-17:30:26.873032 7fcf2ffabcc0               Options.memtable_prefix_bloom_size_ratio: 0.000000
2022/01/26-17:30:26.873033 7fcf2ffabcc0               Options.memtable_whole_key_filtering: 0
2022/01/26-17:30:26.873033 7fcf2ffabcc0   Options.memtable_huge_page_size: 0
2022/01/26-17:30:26.873034 7fcf2ffabcc0                           Options.bloom_locality: 0
2022/01/26-17:30:26.873034 7fcf2ffabcc0                    Options.max_successive_merges: 0
2022/01/26-17:30:26.873034 7fcf2ffabcc0                Options.optimize_filters_for_hits: 0
2022/01/26-17:30:26.873035 7fcf2ffabcc0                Options.paranoid_file_checks: 0
2022/01/26-17:30:26.873035 7fcf2ffabcc0                Options.force_consistency_checks: 1
2022/01/26-17:30:26.873036 7fcf2ffabcc0                Options.report_bg_io_stats: 0
2022/01/26-17:30:26.873036 7fcf2ffabcc0                               Options.ttl: 2592000
2022/01/26-17:30:26.873036 7fcf2ffabcc0          Options.periodic_compaction_seconds: 0
2022/01/26-17:30:26.873037 7fcf2ffabcc0                    Options.enable_blob_files: false
2022/01/26-17:30:26.873037 7fcf2ffabcc0                        Options.min_blob_size: 0
2022/01/26-17:30:26.873038 7fcf2ffabcc0                       Options.blob_file_size: 268435456
2022/01/26-17:30:26.873038 7fcf2ffabcc0                Options.blob_compression_type: NoCompression
2022/01/26-17:30:26.873039 7fcf2ffabcc0       Options.enable_blob_garbage_collection: false
2022/01/26-17:30:26.873039 7fcf2ffabcc0   Options.blob_garbage_collection_age_cutoff: 0.250000
2022/01/26-17:30:26.873067 7fcf2ffabcc0 [db/column_family.cc:597] --------------- Options for column family [meta]:
2022/01/26-17:30:26.873068 7fcf2ffabcc0               Options.comparator: leveldb.BytewiseComparator
2022/01/26-17:30:26.873068 7fcf2ffabcc0           Options.merge_operator: None
2022/01/26-17:30:26.873069 7fcf2ffabcc0        Options.compaction_filter: None
2022/01/26-17:30:26.873070 7fcf2ffabcc0        Options.compaction_filter_factory: purged_slot_filter_factory(meta)
2022/01/26-17:30:26.873070 7fcf2ffabcc0  Options.sst_partitioner_factory: None
2022/01/26-17:30:26.873071 7fcf2ffabcc0         Options.memtable_factory: SkipListFactory
2022/01/26-17:30:26.873071 7fcf2ffabcc0            Options.table_factory: BlockBasedTable
2022/01/26-17:30:26.873079 7fcf2ffabcc0            table_factory options:   flush_block_policy_factory: FlushBlockBySizePolicyFactory (0x55f17a9f5010)
  cache_index_and_filter_blocks: 0
  cache_index_and_filter_blocks_with_high_priority: 1
  pin_l0_filter_and_index_blocks_in_cache: 0
  pin_top_level_index_and_filter: 1
  index_type: 0
  data_block_index_type: 0
  index_shortening: 1
  data_block_hash_table_util_ratio: 0.750000
  hash_index_allow_collision: 1
  checksum: 1
  no_block_cache: 0
  block_cache: 0x55f17a9f5060
  block_cache_name: LRUCache
  block_cache_options:
    capacity : 8388608
    num_shard_bits : 4
    strict_capacity_limit : 0
    memory_allocator : None
    high_pri_pool_ratio: 0.000
  block_cache_compressed: (nil)
  persistent_cache: (nil)
  block_size: 4096
  block_size_deviation: 10
  block_restart_interval: 16
  index_block_restart_interval: 1
  metadata_block_size: 4096
  partition_filters: 0
  use_delta_encoding: 1
  filter_policy: nullptr
  whole_key_filtering: 1
  verify_compression: 0
  read_amp_bytes_per_bit: 0
  format_version: 4
  enable_index_compression: 1
  block_align: 0
2022/01/26-17:30:26.873079 7fcf2ffabcc0        Options.write_buffer_size: 268435456
2022/01/26-17:30:26.873080 7fcf2ffabcc0  Options.max_write_buffer_number: 8
2022/01/26-17:30:26.873084 7fcf2ffabcc0          Options.compression: NoCompression
2022/01/26-17:30:26.873084 7fcf2ffabcc0                  Options.bottommost_compression: Disabled
2022/01/26-17:30:26.873085 7fcf2ffabcc0       Options.prefix_extractor: nullptr
2022/01/26-17:30:26.873085 7fcf2ffabcc0   Options.memtable_insert_with_hint_prefix_extractor: nullptr
2022/01/26-17:30:26.873086 7fcf2ffabcc0             Options.num_levels: 7
2022/01/26-17:30:26.873086 7fcf2ffabcc0        Options.min_write_buffer_number_to_merge: 1
2022/01/26-17:30:26.873087 7fcf2ffabcc0     Options.max_write_buffer_number_to_maintain: 0
2022/01/26-17:30:26.873087 7fcf2ffabcc0     Options.max_write_buffer_size_to_maintain: 0
2022/01/26-17:30:26.873087 7fcf2ffabcc0            Options.bottommost_compression_opts.window_bits: -14
2022/01/26-17:30:26.873088 7fcf2ffabcc0                  Options.bottommost_compression_opts.level: 32767
2022/01/26-17:30:26.873088 7fcf2ffabcc0               Options.bottommost_compression_opts.strategy: 0
2022/01/26-17:30:26.873089 7fcf2ffabcc0         Options.bottommost_compression_opts.max_dict_bytes: 0
2022/01/26-17:30:26.873089 7fcf2ffabcc0         Options.bottommost_compression_opts.zstd_max_train_bytes: 0
2022/01/26-17:30:26.873089 7fcf2ffabcc0         Options.bottommost_compression_opts.parallel_threads: 1
2022/01/26-17:30:26.873090 7fcf2ffabcc0                  Options.bottommost_compression_opts.enabled: false
2022/01/26-17:30:26.873090 7fcf2ffabcc0            Options.compression_opts.window_bits: -14
2022/01/26-17:30:26.873091 7fcf2ffabcc0                  Options.compression_opts.level: 32767
2022/01/26-17:30:26.873091 7fcf2ffabcc0               Options.compression_opts.strategy: 0
2022/01/26-17:30:26.873091 7fcf2ffabcc0         Options.compression_opts.max_dict_bytes: 0
2022/01/26-17:30:26.873092 7fcf2ffabcc0         Options.compression_opts.zstd_max_train_bytes: 0
2022/01/26-17:30:26.873092 7fcf2ffabcc0         Options.compression_opts.parallel_threads: 1
2022/01/26-17:30:26.873093 7fcf2ffabcc0                  Options.compression_opts.enabled: false
2022/01/26-17:30:26.873093 7fcf2ffabcc0      Options.level0_file_num_compaction_trigger: 4
2022/01/26-17:30:26.873093 7fcf2ffabcc0          Options.level0_slowdown_writes_trigger: 20
2022/01/26-17:30:26.873094 7fcf2ffabcc0              Options.level0_stop_writes_trigger: 36
2022/01/26-17:30:26.873094 7fcf2ffabcc0                   Options.target_file_size_base: 107374182
2022/01/26-17:30:26.873095 7fcf2ffabcc0             Options.target_file_size_multiplier: 1
2022/01/26-17:30:26.873095 7fcf2ffabcc0                Options.max_bytes_for_level_base: 1073741824
2022/01/26-17:30:26.873096 7fcf2ffabcc0 Options.level_compaction_dynamic_level_bytes: 0
2022/01/26-17:30:26.873096 7fcf2ffabcc0          Options.max_bytes_for_level_multiplier: 10.000000
2022/01/26-17:30:26.873097 7fcf2ffabcc0 Options.max_bytes_for_level_multiplier_addtl[0]: 1
2022/01/26-17:30:26.873097 7fcf2ffabcc0 Options.max_bytes_for_level_multiplier_addtl[1]: 1
2022/01/26-17:30:26.873098 7fcf2ffabcc0 Options.max_bytes_for_level_multiplier_addtl[2]: 1
2022/01/26-17:30:26.873098 7fcf2ffabcc0 Options.max_bytes_for_level_multiplier_addtl[3]: 1
2022/01/26-17:30:26.873098 7fcf2ffabcc0 Options.max_bytes_for_level_multiplier_addtl[4]: 1
2022/01/26-17:30:26.873099 7fcf2ffabcc0 Options.max_bytes_for_level_multiplier_addtl[5]: 1
2022/01/26-17:30:26.873099 7fcf2ffabcc0 Options.max_bytes_for_level_multiplier_addtl[6]: 1
2022/01/26-17:30:26.873100 7fcf2ffabcc0       Options.max_sequential_skip_in_iterations: 8
2022/01/26-17:30:26.873100 7fcf2ffabcc0                    Options.max_compaction_bytes: 2684354550
2022/01/26-17:30:26.873100 7fcf2ffabcc0                        Options.arena_block_size: 33554432
2022/01/26-17:30:26.873101 7fcf2ffabcc0   Options.soft_pending_compaction_bytes_limit: 68719476736
2022/01/26-17:30:26.873101 7fcf2ffabcc0   Options.hard_pending_compaction_bytes_limit: 274877906944
2022/01/26-17:30:26.873102 7fcf2ffabcc0       Options.rate_limit_delay_max_milliseconds: 100
2022/01/26-17:30:26.873105 7fcf2ffabcc0                Options.disable_auto_compactions: 0
2022/01/26-17:30:26.873106 7fcf2ffabcc0                        Options.compaction_style: kCompactionStyleLevel
2022/01/26-17:30:26.873106 7fcf2ffabcc0                          Options.compaction_pri: kMinOverlappingRatio
2022/01/26-17:30:26.873107 7fcf2ffabcc0 Options.compaction_options_universal.size_ratio: 1
2022/01/26-17:30:26.873107 7fcf2ffabcc0 Options.compaction_options_universal.min_merge_width: 2
2022/01/26-17:30:26.873107 7fcf2ffabcc0 Options.compaction_options_universal.max_merge_width: 4294967295
2022/01/26-17:30:26.873108 7fcf2ffabcc0 Options.compaction_options_universal.max_size_amplification_percent: 200
2022/01/26-17:30:26.873108 7fcf2ffabcc0 Options.compaction_options_universal.compression_size_percent: -1
2022/01/26-17:30:26.873109 7fcf2ffabcc0 Options.compaction_options_universal.stop_style: kCompactionStopStyleTotalSize
2022/01/26-17:30:26.873109 7fcf2ffabcc0 Options.compaction_options_fifo.max_table_files_size: 1073741824
2022/01/26-17:30:26.873109 7fcf2ffabcc0 Options.compaction_options_fifo.allow_compaction: 0
2022/01/26-17:30:26.873110 7fcf2ffabcc0                   Options.table_properties_collectors: 
2022/01/26-17:30:26.873111 7fcf2ffabcc0                   Options.inplace_update_support: 0
2022/01/26-17:30:26.873111 7fcf2ffabcc0                 Options.inplace_update_num_locks: 10000
2022/01/26-17:30:26.873112 7fcf2ffabcc0               Options.memtable_prefix_bloom_size_ratio: 0.000000
2022/01/26-17:30:26.873112 7fcf2ffabcc0               Options.memtable_whole_key_filtering: 0
2022/01/26-17:30:26.873113 7fcf2ffabcc0   Options.memtable_huge_page_size: 0
2022/01/26-17:30:26.873113 7fcf2ffabcc0                           Options.bloom_locality: 0
2022/01/26-17:30:26.873113 7fcf2ffabcc0                    Options.max_successive_merges: 0
2022/01/26-17:30:26.873114 7fcf2ffabcc0                Options.optimize_filters_for_hits: 0
2022/01/26-17:30:26.873114 7fcf2ffabcc0                Options.paranoid_file_checks: 0
2022/01/26-17:30:26.873115 7fcf2ffabcc0                Options.force_consistency_checks: 1
2022/01/26-17:30:26.873115 7fcf2ffabcc0                Options.report_bg_io_stats: 0
2022/01/26-17:30:26.873115 7fcf2ffabcc0                               Options.ttl: 2592000
2022/01/26-17:30:26.873116 7fcf2ffabcc0          Options.periodic_compaction_seconds: 2592000
2022/01/26-17:30:26.873116 7fcf2ffabcc0                    Options.enable_blob_files: false
2022/01/26-17:30:26.873117 7fcf2ffabcc0                        Options.min_blob_size: 0
2022/01/26-17:30:26.873117 7fcf2ffabcc0                       Options.blob_file_size: 268435456
2022/01/26-17:30:26.873117 7fcf2ffabcc0                Options.blob_compression_type: NoCompression
2022/01/26-17:30:26.873118 7fcf2ffabcc0       Options.enable_blob_garbage_collection: false
2022/01/26-17:30:26.873118 7fcf2ffabcc0   Options.blob_garbage_collection_age_cutoff: 0.250000
2022/01/26-17:30:26.873133 7fcf2ffabcc0 [db/column_family.cc:597] --------------- Options for column family [dead_slots]:
2022/01/26-17:30:26.873134 7fcf2ffabcc0               Options.comparator: leveldb.BytewiseComparator
2022/01/26-17:30:26.873134 7fcf2ffabcc0           Options.merge_operator: None
2022/01/26-17:30:26.873135 7fcf2ffabcc0        Options.compaction_filter: None
2022/01/26-17:30:26.873135 7fcf2ffabcc0        Options.compaction_filter_factory: purged_slot_filter_factory(dead_slots)
2022/01/26-17:30:26.873136 7fcf2ffabcc0  Options.sst_partitioner_factory: None
2022/01/26-17:30:26.873136 7fcf2ffabcc0         Options.memtable_factory: SkipListFactory
2022/01/26-17:30:26.873137 7fcf2ffabcc0            Options.table_factory: BlockBasedTable
2022/01/26-17:30:26.873146 7fcf2ffabcc0            table_factory options:   flush_block_policy_factory: FlushBlockBySizePolicyFactory (0x55f17a9f7250)
  cache_index_and_filter_blocks: 0
  cache_index_and_filter_blocks_with_high_priority: 1
  pin_l0_filter_and_index_blocks_in_cache: 0
  pin_top_level_index_and_filter: 1
  index_type: 0
  data_block_index_type: 0
  index_shortening: 1
  data_block_hash_table_util_ratio: 0.750000
  hash_index_allow_collision: 1
  checksum: 1
  no_block_cache: 0
  block_cache: 0x55f17a9f72a0
  block_cache_name: LRUCache
  block_cache_options:
    capacity : 8388608
    num_shard_bits : 4
    strict_capacity_limit : 0
    memory_allocator : None
    high_pri_pool_ratio: 0.000
  block_cache_compressed: (nil)
  persistent_cache: (nil)
  block_size: 4096
  block_size_deviation: 10
  block_restart_interval: 16
  index_block_restart_interval: 1
  metadata_block_size: 4096
  partition_filters: 0
  use_delta_encoding: 1
  filter_policy: nullptr
  whole_key_filtering: 1
  verify_compression: 0
  read_amp_bytes_per_bit: 0
  format_version: 4
  enable_index_compression: 1
  block_align: 0
2022/01/26-17:30:26.873150 7fcf2ffabcc0        Options.write_buffer_size: 268435456
2022/01/26-17:30:26.873151 7fcf2ffabcc0  Options.max_write_buffer_number: 8
2022/01/26-17:30:26.873151 7fcf2ffabcc0          Options.compression: NoCompression
2022/01/26-17:30:26.873151 7fcf2ffabcc0                  Options.bottommost_compression: Disabled
2022/01/26-17:30:26.873152 7fcf2ffabcc0       Options.prefix_extractor: nullptr
2022/01/26-17:30:26.873152 7fcf2ffabcc0   Options.memtable_insert_with_hint_prefix_extractor: nullptr
2022/01/26-17:30:26.873153 7fcf2ffabcc0             Options.num_levels: 7
2022/01/26-17:30:26.873153 7fcf2ffabcc0        Options.min_write_buffer_number_to_merge: 1
2022/01/26-17:30:26.873153 7fcf2ffabcc0     Options.max_write_buffer_number_to_maintain: 0
2022/01/26-17:30:26.873154 7fcf2ffabcc0     Options.max_write_buffer_size_to_maintain: 0
2022/01/26-17:30:26.873154 7fcf2ffabcc0            Options.bottommost_compression_opts.window_bits: -14
2022/01/26-17:30:26.873155 7fcf2ffabcc0                  Options.bottommost_compression_opts.level: 32767
2022/01/26-17:30:26.873155 7fcf2ffabcc0               Options.bottommost_compression_opts.strategy: 0
2022/01/26-17:30:26.873155 7fcf2ffabcc0         Options.bottommost_compression_opts.max_dict_bytes: 0
2022/01/26-17:30:26.873156 7fcf2ffabcc0         Options.bottommost_compression_opts.zstd_max_train_bytes: 0
2022/01/26-17:30:26.873156 7fcf2ffabcc0         Options.bottommost_compression_opts.parallel_threads: 1
2022/01/26-17:30:26.873157 7fcf2ffabcc0                  Options.bottommost_compression_opts.enabled: false
2022/01/26-17:30:26.873157 7fcf2ffabcc0            Options.compression_opts.window_bits: -14
2022/01/26-17:30:26.873157 7fcf2ffabcc0                  Options.compression_opts.level: 32767
2022/01/26-17:30:26.873158 7fcf2ffabcc0               Options.compression_opts.strategy: 0
2022/01/26-17:30:26.873158 7fcf2ffabcc0         Options.compression_opts.max_dict_bytes: 0
2022/01/26-17:30:26.873159 7fcf2ffabcc0         Options.compression_opts.zstd_max_train_bytes: 0
2022/01/26-17:30:26.873159 7fcf2ffabcc0         Options.compression_opts.parallel_threads: 1
2022/01/26-17:30:26.873160 7fcf2ffabcc0                  Options.compression_opts.enabled: false
2022/01/26-17:30:26.873160 7fcf2ffabcc0      Options.level0_file_num_compaction_trigger: 4
2022/01/26-17:30:26.873160 7fcf2ffabcc0          Options.level0_slowdown_writes_trigger: 20
2022/01/26-17:30:26.873161 7fcf2ffabcc0              Options.level0_stop_writes_trigger: 36
2022/01/26-17:30:26.873161 7fcf2ffabcc0                   Options.target_file_size_base: 107374182
2022/01/26-17:30:26.873162 7fcf2ffabcc0             Options.target_file_size_multiplier: 1
2022/01/26-17:30:26.873162 7fcf2ffabcc0                Options.max_bytes_for_level_base: 1073741824
2022/01/26-17:30:26.873162 7fcf2ffabcc0 Options.level_compaction_dynamic_level_bytes: 0
2022/01/26-17:30:26.873163 7fcf2ffabcc0          Options.max_bytes_for_level_multiplier: 10.000000
2022/01/26-17:30:26.873163 7fcf2ffabcc0 Options.max_bytes_for_level_multiplier_addtl[0]: 1
2022/01/26-17:30:26.873164 7fcf2ffabcc0 Options.max_bytes_for_level_multiplier_addtl[1]: 1
2022/01/26-17:30:26.873164 7fcf2ffabcc0 Options.max_bytes_for_level_multiplier_addtl[2]: 1
2022/01/26-17:30:26.873165 7fcf2ffabcc0 Options.max_bytes_for_level_multiplier_addtl[3]: 1
2022/01/26-17:30:26.873168 7fcf2ffabcc0 Options.max_bytes_for_level_multiplier_addtl[4]: 1
2022/01/26-17:30:26.873169 7fcf2ffabcc0 Options.max_bytes_for_level_multiplier_addtl[5]: 1
2022/01/26-17:30:26.873169 7fcf2ffabcc0 Options.max_bytes_for_level_multiplier_addtl[6]: 1
2022/01/26-17:30:26.873170 7fcf2ffabcc0       Options.max_sequential_skip_in_iterations: 8
2022/01/26-17:30:26.873170 7fcf2ffabcc0                    Options.max_compaction_bytes: 2684354550
2022/01/26-17:30:26.873170 7fcf2ffabcc0                        Options.arena_block_size: 33554432
2022/01/26-17:30:26.873171 7fcf2ffabcc0   Options.soft_pending_compaction_bytes_limit: 68719476736
2022/01/26-17:30:26.873171 7fcf2ffabcc0   Options.hard_pending_compaction_bytes_limit: 274877906944
2022/01/26-17:30:26.873172 7fcf2ffabcc0       Options.rate_limit_delay_max_milliseconds: 100
2022/01/26-17:30:26.873172 7fcf2ffabcc0                Options.disable_auto_compactions: 0
2022/01/26-17:30:26.873173 7fcf2ffabcc0                        Options.compaction_style: kCompactionStyleLevel
2022/01/26-17:30:26.873173 7fcf2ffabcc0                          Options.compaction_pri: kMinOverlappingRatio
2022/01/26-17:30:26.873173 7fcf2ffabcc0 Options.compaction_options_universal.size_ratio: 1
2022/01/26-17:30:26.873174 7fcf2ffabcc0 Options.compaction_options_universal.min_merge_width: 2
2022/01/26-17:30:26.873174 7fcf2ffabcc0 Options.compaction_options_universal.max_merge_width: 4294967295
2022/01/26-17:30:26.873175 7fcf2ffabcc0 Options.compaction_options_universal.max_size_amplification_percent: 200
2022/01/26-17:30:26.873175 7fcf2ffabcc0 Options.compaction_options_universal.compression_size_percent: -1
2022/01/26-17:30:26.873175 7fcf2ffabcc0 Options.compaction_options_universal.stop_style: kCompactionStopStyleTotalSize
2022/01/26-17:30:26.873176 7fcf2ffabcc0 Options.compaction_options_fifo.max_table_files_size: 1073741824
2022/01/26-17:30:26.873176 7fcf2ffabcc0 Options.compaction_options_fifo.allow_compaction: 0
2022/01/26-17:30:26.873177 7fcf2ffabcc0                   Options.table_properties_collectors: 
2022/01/26-17:30:26.873178 7fcf2ffabcc0                   Options.inplace_update_support: 0
2022/01/26-17:30:26.873178 7fcf2ffabcc0                 Options.inplace_update_num_locks: 10000
2022/01/26-17:30:26.873178 7fcf2ffabcc0               Options.memtable_prefix_bloom_size_ratio: 0.000000
2022/01/26-17:30:26.873179 7fcf2ffabcc0               Options.memtable_whole_key_filtering: 0
2022/01/26-17:30:26.873179 7fcf2ffabcc0   Options.memtable_huge_page_size: 0
2022/01/26-17:30:26.873180 7fcf2ffabcc0                           Options.bloom_locality: 0
2022/01/26-17:30:26.873180 7fcf2ffabcc0                    Options.max_successive_merges: 0
2022/01/26-17:30:26.873180 7fcf2ffabcc0                Options.optimize_filters_for_hits: 0
2022/01/26-17:30:26.873181 7fcf2ffabcc0                Options.paranoid_file_checks: 0
2022/01/26-17:30:26.873181 7fcf2ffabcc0                Options.force_consistency_checks: 1
2022/01/26-17:30:26.873182 7fcf2ffabcc0                Options.report_bg_io_stats: 0
2022/01/26-17:30:26.873182 7fcf2ffabcc0                               Options.ttl: 2592000
2022/01/26-17:30:26.873182 7fcf2ffabcc0          Options.periodic_compaction_seconds: 2592000
2022/01/26-17:30:26.873183 7fcf2ffabcc0                    Options.enable_blob_files: false
2022/01/26-17:30:26.873183 7fcf2ffabcc0                        Options.min_blob_size: 0
2022/01/26-17:30:26.873184 7fcf2ffabcc0                       Options.blob_file_size: 268435456
2022/01/26-17:30:26.873184 7fcf2ffabcc0                Options.blob_compression_type: NoCompression
2022/01/26-17:30:26.873184 7fcf2ffabcc0       Options.enable_blob_garbage_collection: false
2022/01/26-17:30:26.873185 7fcf2ffabcc0   Options.blob_garbage_collection_age_cutoff: 0.250000
2022/01/26-17:30:26.873198 7fcf2ffabcc0 [db/column_family.cc:597] --------------- Options for column family [duplicate_slots]:
2022/01/26-17:30:26.873199 7fcf2ffabcc0               Options.comparator: leveldb.BytewiseComparator
2022/01/26-17:30:26.873203 7fcf2ffabcc0           Options.merge_operator: None
2022/01/26-17:30:26.873203 7fcf2ffabcc0        Options.compaction_filter: None
2022/01/26-17:30:26.873204 7fcf2ffabcc0        Options.compaction_filter_factory: purged_slot_filter_factory(duplicate_slots)
2022/01/26-17:30:26.873204 7fcf2ffabcc0  Options.sst_partitioner_factory: None
2022/01/26-17:30:26.873204 7fcf2ffabcc0         Options.memtable_factory: SkipListFactory
2022/01/26-17:30:26.873205 7fcf2ffabcc0            Options.table_factory: BlockBasedTable
2022/01/26-17:30:26.873212 7fcf2ffabcc0            table_factory options:   flush_block_policy_factory: FlushBlockBySizePolicyFactory (0x55f17a9f9490)
  cache_index_and_filter_blocks: 0
  cache_index_and_filter_blocks_with_high_priority: 1
  pin_l0_filter_and_index_blocks_in_cache: 0
  pin_top_level_index_and_filter: 1
  index_type: 0
  data_block_index_type: 0
  index_shortening: 1
  data_block_hash_table_util_ratio: 0.750000
  hash_index_allow_collision: 1
  checksum: 1
  no_block_cache: 0
  block_cache: 0x55f17a9f94e0
  block_cache_name: LRUCache
  block_cache_options:
    capacity : 8388608
    num_shard_bits : 4
    strict_capacity_limit : 0
    memory_allocator : None
    high_pri_pool_ratio: 0.000
  block_cache_compressed: (nil)
  persistent_cache: (nil)
  block_size: 4096
  block_size_deviation: 10
  block_restart_interval: 16
  index_block_restart_interval: 1
  metadata_block_size: 4096
  partition_filters: 0
  use_delta_encoding: 1
  filter_policy: nullptr
  whole_key_filtering: 1
  verify_compression: 0
  read_amp_bytes_per_bit: 0
  format_version: 4
  enable_index_compression: 1
  block_align: 0
2022/01/26-17:30:26.873213 7fcf2ffabcc0        Options.write_buffer_size: 268435456
2022/01/26-17:30:26.873213 7fcf2ffabcc0  Options.max_write_buffer_number: 8
2022/01/26-17:30:26.873214 7fcf2ffabcc0          Options.compression: NoCompression
2022/01/26-17:30:26.873214 7fcf2ffabcc0                  Options.bottommost_compression: Disabled
2022/01/26-17:30:26.873214 7fcf2ffabcc0       Options.prefix_extractor: nullptr
2022/01/26-17:30:26.873215 7fcf2ffabcc0   Options.memtable_insert_with_hint_prefix_extractor: nullptr
2022/01/26-17:30:26.873215 7fcf2ffabcc0             Options.num_levels: 7
2022/01/26-17:30:26.873216 7fcf2ffabcc0        Options.min_write_buffer_number_to_merge: 1
2022/01/26-17:30:26.873216 7fcf2ffabcc0     Options.max_write_buffer_number_to_maintain: 0
2022/01/26-17:30:26.873216 7fcf2ffabcc0     Options.max_write_buffer_size_to_maintain: 0
2022/01/26-17:30:26.873217 7fcf2ffabcc0            Options.bottommost_compression_opts.window_bits: -14
2022/01/26-17:30:26.873217 7fcf2ffabcc0                  Options.bottommost_compression_opts.level: 32767
2022/01/26-17:30:26.873218 7fcf2ffabcc0               Options.bottommost_compression_opts.strategy: 0
2022/01/26-17:30:26.873218 7fcf2ffabcc0         Options.bottommost_compression_opts.max_dict_bytes: 0
